-0.03283617079675097	-0.040965614098320835	-0.0483530816004518	-0.05450385689988586	-0.059118561982115944	-0.06204535977880771	-0.06321802874371392	-0.06262181823131469	-0.0603103774958285	-0.056474688733809	-0.05148124139351823	-0.04583454852593004	-0.040036342494828236	-0.034449581230962256	-0.029257696114761172	-0.02450806416831257	-0.020185735985074435	-0.01625977643896365	-0.01270335832831684	-0.00949463836678858	-0.0066163237725018875
-0.03144439627924483	-0.03840709602806721	-0.044756739457748475	-0.050094984092601026	-0.05415446291977043	-0.05677791738704342	-0.0578919810103907	-0.05748617140107079	-0.0556259291560735	-0.05248336091883985	-0.048353264729082523	-0.04361771689000608	-0.038657446265013926	-0.03376841544982306	-0.0291249844669626	-0.024800772237027677	-0.020810358617902282	-0.01714366114654662	-0.013785835004726302	-0.010722303511037702	-0.007941196420165542
-0.030092276663331224	-0.036075199224612525	-0.04154334028761003	-0.04618204382040733	-0.04975757699290395	-0.052122874451647705	-0.05320523210104518	-0.052995354512997674	-0.05155710531454816	-0.04903571496026964	-0.04566345411150902	-0.04172569716545996	-0.03751146389739903	-0.0332573830994477	-0.02912076284668678	-0.025188524757873303	-0.021495555282249185	-0.018052378412113712	-0.01485733389046336	-0.011906073505683115	-0.009193315183369138
-0.028821111380681615	-0.03400900652192578	-0.038757835112922204	-0.04281769025073185	-0.045992145255723094	-0.04815077070169204	-0.04922379982259871	-0.04920289599540996	-0.0481410216673233	-0.04615675491698701	-0.043426989245969515	-0.04016660863543892	-0.03659471716600136	-0.0328991750708709	-0.02921792933734476	-0.025639103264426748	-0.022212384973689096	-0.018962589836635124	-0.0159013065897527	-0.013034758829956129	-0.01036643875425134
-0.02766383232281505	-0.03222566979013275	-0.036407962211368924	-0.04001027422740606	-0.04287059430849948	-0.04487437412301026	-0.045958822512904104	-0.046113625624165364	-0.04537923142005705	-0.04384681453066766	-0.04165163831630815	-0.03895509454735265	-0.0359228611639954	-0.032704960702267694	-0.029419489698493437	-0.026151218485663843	-0.022956085168844755	-0.019869711503279108	-0.01691470666366563	-0.014107288718142518	-0.011459312450761833
-0.026640658893337093	-0.030728516632465543	-0.03448372071221102	-0.037743257477899625	-0.04037275801032694	-0.04227339292354325	-0.04338874233061936	-0.04370539417404866	-0.0432518075569559	-0.04209666168968286	-0.040340930113131994	-0.03810601558251148	-0.03551967911147448	-0.0327001638706203	-0.029748314131154127	-0.02674236526837026	-0.023739820666450032	-0.020783555826619237	-0.01790500430933563	-0.015129251445192587	-0.012476889142101197
-0.02576466068162696	-0.0295121427737573	-0.03296456880454445	-0.03598650080815358	-0.03846398192780303	-0.04031128818406964	-0.041477233355776674	-0.04194508678280214	-0.041733086847135434	-0.04089122624779203	-0.03949422125633266	-0.037634494078043174	-0.03540980755155662	-0.032915236862981465	-0.030234865792056954	-0.027439608206995352	-0.024587195431859207	-0.021723829595650127	-0.018887982021512813	-0.01611283679674189	-0.01342771540907553
-0.02504073582946375	-0.028567286059339787	-0.03182818838011062	-0.03470774815639852	-0.03710606627347089	-0.03894751521430064	-0.040183927092390596	-0.04079664672373747	-0.04079521887379491	-0.04021504077852888	-0.03911111181227419	-0.03755345563891968	-0.03561792801579116	-0.0333804180868704	-0.03091212694341416	-0.028275870776406007	-0.025527494531927278	-0.022715622614576846	-0.019884449810388876	-0.017073950219334152	-0.01432256946767357
-0.024469417533832284	-0.02788230968848683	-0.03105299591881847	-0.033877027809583654	-0.036263948963564024	-0.03814466395924974	-0.03947298934153501	-0.040228791505961224	-0.04041485245602795	-0.04005528399675732	-0.039190824527068464	-0.03787507805494897	-0.03616655427975002	-0.03412642482858807	-0.03181428947095888	-0.02928550902909586	-0.026593407331338158	-0.02378799220536787	-0.02091786278548369	-0.018030494503089474	-0.015173391580438497
-0.024045537512776112	-0.02744523313105299	-0.030619745428764236	-0.03346953073477265	-0.03590919685454266	-0.03787275344294777	-0.03931578307754503	-0.04021619863704834	-0.040572714902646405	-0.04040210367853701	-0.039734765178886605	-0.03861110528276399	-0.03707725055739868	-0.035181917065343724	-0.03297429192477214	-0.030503581260244366	-0.027818966447889774	-0.02497101569459025	-0.022013076290543197	-0.01900101831133602	-0.01599127997545132
-0.02376325896160714	-0.027245942754051317	-0.03051392654618285	-0.033467739196418995	-0.036021749725113045	-0.03811041051269455	-0.03969056262982722	-0.04074000734086579	-0.04125578097936477	-0.04124930464440957	-0.040744944352953893	-0.03977328041334599	-0.03837027099717252	-0.03657449473348738	-0.03442547011974397	-0.031964833313688885	-0.029238745859740855	-0.02629682533229504	-0.023197263974865864	-0.020004063913369653	-0.016787158313145038
-0.02361244390894707	-0.02727506987539802	-0.030727300260405203	-0.03386166460775514	-0.0365893452008559	-0.03884429415441003	-0.04058409301798307	-0.041788390210492035	-0.04245415058318773	-0.042592844923986135	-0.04222366464959361	-0.041371674514219206	-0.04006393873744467	-0.038329682036821904	-0.03619867290821577	-0.03370479335382484	-0.030888157841205792	-0.0277978660535052	-0.024496697862798726	-0.02105907644584066	-0.017569962785926364
-0.023582798844472466	-0.02752664061424956	-0.03125555121827433	-0.03464887587526673	-0.03760921980232054	-0.04006939959481917	-0.04198959957843128	-0.043352835637560413	-0.04416182612538267	-0.04442925518256771	-0.0441732274940674	-0.04341508443440173	-0.0421746637624499	-0.040471025655305304	-0.03832423025925201	-0.03575776793187484	-0.032803757183514505	-0.02950926010888216	-0.025940476269572937	-0.022184514788482906	-0.01834622690611151
-0.023663289089578425	-0.027997221313463935	-0.032101528427210715	-0.03583384373677553	-0.03908525600853619	-0.0417864418140273	-0.043903330699754134	-0.04542786826070419	-0.04637135317194136	-0.0467524440194948	-0.046591430506373245	-0.045906858552787255	-0.044712684095111886	-0.043017717864751115	-0.04082931069355351	-0.0381571890579134	-0.0350226448254557	-0.031466177017289064	-0.027557718577981997	-0.023398705473615916	-0.01912083022877685
-0.023840963790829263	-0.028686369816708794	-0.03327386547119879	-0.037427966064516434	-0.04102598799590288	-0.04399847394058711	-0.04632242890980421	-0.04800552906081433	-0.04907162241475031	-0.04955067594634623	-0.04946848894431369	-0.04884293031156835	-0.04768130880914347	-0.04598157877263932	-0.04373477819375	-0.0409331473653224	-0.037580741204835344	-0.033706371480818315	-0.029379932164810663	-0.0247212267439579	-0.019895967428150925
-0.024102463298992474	-0.029596198332454828	-0.03478359351367732	-0.039445117581307976	-0.043440168974850035	-0.046705882938733165	-0.049238695458134744	-0.051068678246410044	-0.052241731744556826	-0.05280221866691512	-0.05278482599588946	-0.052207278091976415	-0.05107183381715158	-0.04936295831649184	-0.04705204318207064	-0.04410844038545856	-0.04050950263892169	-0.036264748717570516	-0.03143909871569118	-0.026170317845849552	-0.02067162274465579
-0.024433640467475284	-0.030729003491201886	-0.036642264267774304	-0.041895178432321455	-0.04633065723622511	-0.049899957646958266	-0.052631018108388175	-0.05458920003215192	-0.05584727855499818	-0.056470806022301916	-0.056503969556039084	-0.05596821014473781	-0.05485880923812164	-0.0531456126608141	-0.05077697884939945	-0.04769036357655256	-0.04382931124590898	-0.039169936098493535	-0.03376208562751189	-0.027762709938474368	-0.02144600410371706
-0.024821144906019624	-0.032082751660386336	-0.038850839938178006	-0.04477415412415431	-0.049678803398211596	-0.0535492940472902	-0.05645764424647387	-0.05851611671295862	-0.05983343231177392	-0.06049916605167425	-0.060571201430223195	-0.06007355554575931	-0.058995715537327756	-0.05729022361333264	-0.05487941701572305	-0.05166349780530744	-0.04753737807298177	-0.04243107782847895	-0.036364750776638324	-0.029508902344136695	-0.022214154089820453
-0.025249111514991117	-0.0336406968487035	-0.041388232209345455	-0.048045268739415455	-0.05343500720282644	-0.05758931049411126	-0.0606463965169635	-0.0627742095901618	-0.06412354670088459	-0.06481176047810608	-0.06491074951784108	-0.0644495684080906	-0.0634098168741384	-0.06172870936057554	-0.059298425194796965	-0.055974453780130384	-0.05159540478186773	-0.04602559841744688	-0.03923586228481486	-0.031403072543596505	-0.022970354792248966
-0.025703740968661227	-0.03536352636686096	-0.044187298259625564	-0.05162258447344985	-0.05749818885600124	-0.061915501487187455	-0.06509108264204017	-0.06725855089663646	-0.06861598332379	-0.06930881203906965	-0.06942634323838488	-0.06900018451958803	-0.06800627794371429	-0.06636397155266766	-0.0639358549161102	-0.06052824379436282	-0.055912647268135295	-0.049876340115721084	-0.042320117826509254	-0.03341303770982977	-0.02370782753214686
-0.02616776100690423	-0.03717593302022055	-0.04712899072512454	-0.05536182167111553	-0.061718659531417426	-0.06638109173252184	-0.06965367498075728	-0.07184088911524639	-0.07318958690634712	-0.0738769636977187	-0.07400489373694964	-0.07361112934286054	-0.07266736424350805	-0.07107310781010848	-0.06865958285110177	-0.06518488225831932	-0.060348432148414045	-0.0538476879206749	-0.04550383750897179	-0.035471912687237296	-0.024417242684108942