-0.02762616982231267	-0.025598015812341657	-0.022373494646653995	-0.018158282594094396	-0.013221202284228753	-0.007831746136373031	-0.002243756060715378	0.0032917850157750403	0.008508977732714387	0.013135431300270279	0.016939126298535213	0.019797059009869455	0.021728927093317224	0.022859173793259177	0.02334753916953841	0.023334421493367424	0.022926503402530548	0.02220316011153701	0.021229509468682954	0.02006430259517205	0.018760425570434718
-0.0240225864997537	-0.02210106915591656	-0.01915272145387474	-0.015338356857088599	-0.010882230756365095	-0.006024126397119352	-0.0010028400605732006	0.003942722198753444	0.00857033021293313	0.012643394526082624	0.01597129332827141	0.0184536595143414	0.020101836170602225	0.021014382935355458	0.021328515401353065	0.02117544842240693	0.02066331041266846	0.0198757424641942	0.01887932929678689	0.017730752926227663	0.016478040144456252
-0.020093576398861175	-0.018329594231379573	-0.015715482027635865	-0.01237719206506498	-0.00849434634854157	-0.004273406058645161	0.00007426040625395196	0.004334930539366909	0.008297014975433833	0.011765133427873097	0.014586861926265062	0.016682657380200312	0.01805634596744495	0.01878092125442589	0.01896465964866092	0.018721521594245966	0.018152137733613145	0.017339250835141692	0.016349180578965762	0.0152371589128053	0.014048489295276217
-0.016069700192969678	-0.014494726484967673	-0.0122397772542749	-0.009401815721758359	-0.006124448720426402	-0.002576886355170966	0.0010607398850163482	0.004605782429629423	0.007881601447557288	0.010732087490449632	0.013037214207597013	0.01473461488616031	0.015823204994045142	0.016354725121184573	0.01641298672736055	0.016092409969966488	0.01548129946716667	0.014657601848580606	0.013684961652425403	0.012617149362221103	0.011497966393772593
-0.012089077588240613	-0.010720232010634087	-0.008826954868735463	-0.006483708567778993	-0.003803705364805323	-0.0009224718856240851	0.0020128019490442163	0.004852319838515929	0.00745491303830944	0.009696826740826565	0.011486098907678037	0.012774371695673832	0.01355852127544064	0.013876001284476074	0.013791173327506175	0.013380655262467718	0.012720682790702757	0.011881587567177922	0.01092359791386048	0.009897400822512984	0.0088448107680014
-0.008216129924841215	-0.007060801579913785	-0.005519244986926993	-0.0036494991515274907	-0.001538765542402916	0.0007067603621563664	0.0029713085995201538	0.005136883288747503	0.007093044950481908	0.00874573929856387	0.010025653417266892	0.010896247777193127	0.011355617813714518	0.01143182394243082	0.01117560805909041	0.010649432786914971	0.009919318974380694	0.009047486192388682	0.008089976357563445	0.007094808989801516	0.00610079548895917
-0.0044645598287116235	-0.0035233275273584197	-0.002317979002396626	-0.0008942835249408998	0.0006823575481930844	0.002331337484893282	0.0039649572888593825	0.005494361371430405	0.00683653548864675	0.007921962165632483	0.00870073323992206	0.009147253035034945	0.009261944557568591	0.00906821768181948	0.008608135026271547	0.007934810699549651	0.007104965513638783	0.006175704681798003	0.005198250528267001	0.004217546415158145	0.003269780660843183
-0.0008193160644036643	-0.00008759793986561591	0.0007978899202965538	0.001803220074634405	0.0028806264770518293	0.003971972305974124	0.005014428549651527	0.005944250022534108	0.006702727916241206	0.007241430271380002	0.007526511819938683	0.007542956357094405	0.007294453690499449	0.006803611253734968	0.006107190117838866	0.005252428395242196	0.004290572164212869	0.0032741095595437922	0.002251588927658728	0.0012654952882867748	0.00034998660312577853
0.0027511847325268858	0.003280448468974597	0.0038627353941870675	0.004474093540542237	0.005082178397341006	0.0056493283392992765	0.0061341187741718334	0.006495599483657083	0.006695747306591389	0.006704196931671802	0.006501505695544068	0.006081448826689343	0.00545288056482219	0.004638760652994685	0.0036742242452662255	0.002603297642463898	0.0014749796988471008	0.0003398105726392631	-0.000755010875504461	-0.0017679004620459607	-0.00266613323481651
0.006286064347837192	0.006621451659592926	0.006914714881155772	0.007150946865771149	0.007313028400995175	0.007381080728145596	0.0073342974255543435	0.007151069376801884	0.00681205905240299	0.006302641286003618	0.005615194413980179	0.004752345620493573	0.0037272502245312977	0.0025652255453753117	0.0013017173558643345	-0.00001952291141065366	-0.0013493916503135184	-0.002636254103626309	-0.003831810753172023	-0.004894020390093154	-0.005790425255718389
0.00982466160744722	0.009975086284745355	0.009990064924770729	0.009864362157445666	0.009595162716830322	0.009180988148067837	0.008619808663703085	0.00790832798194692	0.007043592865406946	0.006024476925021945	0.004853707205862258	0.0035407276257780258	0.0021038798779796078	0.0005707022158705024	-0.0010215044214065443	-0.0026269400292411433	-0.00419300210532763	-0.005665663503990602	-0.0069922382289501085	-0.008126690129995017	-0.009035151828083548
0.01340179726874205	0.013376086156883238	0.013119495256658462	0.012637844253135846	0.011944263070673299	0.011056122319079325	0.009989792465091834	0.008760155074608039	0.007378422201886496	0.005855082537902732	0.004201503798866911	0.0024327416426242784	0.0005704232000969094	-0.0013551727576451814	-0.003303945202130761	-0.005226379713993902	-0.007065146867887047	-0.008758747863186995	-0.010246560169096006	-0.011476851748936437	-0.01241102197761107
0.01704174307692031	0.01684740819202957	0.01632180102540199	0.015483698763686216	0.014364461342629215	0.013002747397281522	0.01143491545287381	0.009692404125456798	0.007800168653820951	0.005778325859108139	0.0036439316568105153	0.0014159048498460685	-0.0008817801501045243	-0.003217463289029516	-0.005548260485686152	-0.007819692104211216	-0.009966504331311167	-0.011917187124721992	-0.013599326669192207	-0.014949324575704848	-0.01592161832068743
0.02075010988093202	0.020394253818785242	0.01959780426024703	0.018395963982585313	0.016843515278666947	0.01500309226883148	0.012933506858708938	0.01068297237401737	0.008288079415080172	0.005775919738781242	0.0031676244892641352	0.0004830409481066112	-0.0022541641749248276	-0.0050117720296075155	-0.0077450472435318975	-0.010394057651378328	-0.012884150957570988	-0.015129258290172302	-0.017039566391532524	-0.018534446871427798	-0.01955614689020754
0.024505769784860642	0.023994448313076136	0.022920282798367907	0.021341971344103948	0.019344655424465364	0.017019315067398507	0.01444870995079924	0.011698068132290544	0.00881368971982932	0.005827488710844196	0.0027603348098322283	-0.0003689971967142909	-0.003539819082305068	-0.006721555436447401	-0.009869295972391655	-0.012918147747063652	-0.015782589175437654	-0.018358293336393248	-0.02053198460956659	-0.02219756308396095	-0.023279174509715953
0.028243532033733275	0.027581320778390442	0.02622190260079586	0.024253914305056013	0.021800371588797114	0.0189879639333345	0.015924581863567083	0.012691522740999819	0.009342094985249988	0.005909092824380718	0.002412013039241221	-0.0011366550249189617	-0.004720864345483569	-0.008314914651360333	-0.011875877979477291	-0.015335231322469292	-0.018596382250665677	-0.02153359788731488	-0.024003021004551452	-0.025864861007669302	-0.02701468186200465
0.03183602324500346	0.03102954195455116	0.029378528495966064	0.027012806625153936	0.02410258650587967	0.020814757142847903	0.017283226732218767	0.013602314441692293	0.00982968084380115	0.005995448012336339	0.0021130791309038645	-0.0018111158481194563	-0.005770072102175527	-0.009745353987065655	-0.013697514701468854	-0.017558472419045214	-0.021220712676026845	-0.024536208308319957	-0.0273246098359891	-0.029402333289014867	-0.030627414044636817
0.035073102522217355	0.034132570330080256	0.03219653992005067	0.029445029231709507	0.026102916856246286	0.022378440594532974	0.018429121847887656	0.01435972387098065	0.01022716597670716	0.006058042116746635	0.0018566167760747255	-0.0023795026474295582	-0.006652315847709203	-0.010952463041204898	-0.015247405261561653	-0.019470491501066153	-0.023508433763846336	-0.027192144255854794	-0.030300841562154353	-0.032599904027119986	-0.03389931603555131
0.037654708800965074	0.036599601767644166	0.034412797387984584	0.03132519871805892	0.027617494344158038	0.023535219772034634	0.019255122307177765	0.01488660034878491	0.010484885608707839	0.006068643437613709	0.0016355905418880912	-0.0028260689982806592	-0.007327863673567027	-0.011869698318732962	-0.016426148652699032	-0.020935402484737575	-0.02528072362087275	-0.029275769464279257	-0.0326666272177962	-0.0351634555283403	-0.03652570278371783
0.03922254254436215	0.038090932208229636	0.03572758065566464	0.03240956844097825	0.028458048063370767	0.024145335561533685	0.01966001484823342	0.015113094295981507	0.010556276340483072	0.006003551879448322	0.0014450582910547724	-0.0031372066630936946	-0.0077618445455150745	-0.012435064101178598	-0.017139436083635308	-0.021817363595220896	-0.026350927627496315	-0.030545512452962113	-0.034121520656616715	-0.036748979526589606	-0.038145728773667335
0.03946399840656751	0.038308883602772965	0.03588942428800654	0.03249891243184679	0.02847597248146257	0.024101256845505722	0.019568129577483485	0.01498720620847827	0.01040845244567499	0.005843728458167782	0.0012804578274195262	-0.0033030478479081837	-0.00792826655378613	-0.012604099335792278	-0.0173177591513421	-0.022012809574944375	-0.02657430458379914	-0.030803894694343723	-0.0344132485987903	-0.03705928731862869	-0.03844296092486877