-0.035840891513062086	-0.035215926967877814	-0.033221231135815536	-0.030166653189881328	-0.02640298234164381	-0.02222874797555676	-0.017849974832804143	-0.013391800986838343	-0.008918674534155398	-0.004454340538491711	-1.6397928777334148e-7	0.00445392148503488	0.008917633157603414	0.013391168829164309	0.017848940399184197	0.02222777301491474	0.026402181371895407	0.030165359903265902	0.03322032231448301	0.03521393881705738	0.03583887964877275
-0.03475336666450163	-0.03414797272316983	-0.032225049138677755	-0.0292750353700851	-0.025634017285084208	-0.021587917689093128	-0.017338926213140954	-0.01300949252356356	-0.008664546028377677	-0.0043276982802439475	-3.631275761716013e-7	0.004326801971757072	0.008663777127389551	0.013008748299105664	0.01733802604019906	0.02158740196896714	0.025633137910291516	0.029273709461405107	0.032224049791351926	0.03414658751318402	0.03475160840063986
-0.03243890466322907	-0.03189159228402256	-0.030144406221124534	-0.02744381042350135	-0.02408372224769655	-0.02032138504287198	-0.01634736400559538	-0.012279704345744878	-0.008184548183331357	-0.004089449714503507	-3.542797197622627e-7	0.004089027252055132	0.008183675756007537	0.012278611285782719	0.0163464554311427	0.020320475903361588	0.02408250438370426	0.02744269915351147	0.03014289302643606	0.03188998155500754	0.03243745753358144
-0.029191786435888843	-0.028724155988967333	-0.027214030639412534	-0.02485480589802756	-0.021883870634422625	-0.0185220135978589	-0.014936866597493211	-0.011242071780219728	-0.007502517389024696	-0.0037517935682387857	-1.637078884085541e-7	0.003751401618008675	0.007502001771178296	0.011240929647877852	0.014936189182075111	0.018521275589475597	0.021883443679941314	0.024853538660252607	0.027213251303329748	0.028722625425111836	0.02919037134103023
-0.025350671464800315	-0.024967719719360758	-0.023714587658556573	-0.021734726910025107	-0.019208806678959627	-0.016315120797439568	-0.013196815460985256	-0.009955508142324349	-0.006655049409935002	-0.0033313723610231254	-1.384739206286567e-7	0.0033307823301401054	0.006654408837250287	0.00995454532634938	0.013195915279223425	0.016314518493280306	0.019208538829812414	0.02173313676562743	0.023713766167887666	0.02496676759372829	0.025349636533335988
-0.021197604432557925	-0.020895240017856802	-0.019892504584822085	-0.0182912203856943	-0.016224565932814676	-0.013828701626961416	-0.011219327570974418	-0.008484230880488943	-0.005681481324357241	-0.0028468815254782485	-3.887716440564154e-7	0.002846341485755629	0.005680861907283726	0.008483670732898248	0.01121890474601962	0.013828044786338001	0.016223749905785064	0.01829025438537447	0.019892370187234918	0.02089422122609154	0.02119680716265951
-0.016923514458150084	-0.016694058276173197	-0.015923861280262953	-0.014682565283401495	-0.013064606783000254	-0.011169745762774169	-0.009087364763728376	-0.00688722876458746	-0.004619535351177751	-0.002316977468580719	-1.889872471537435e-7	0.002316630058469821	0.004619082763012964	0.006886607023764739	0.009086796269975163	0.011169173185853956	0.013063886297704067	0.014681979806753932	0.01592345020292321	0.01669342427834544	0.016922467034172304
-0.01263700892440282	-0.012473031941454379	-0.011915653350172889	-0.011010029533227706	-0.009821331174201966	-0.00841798362664373	-0.0068639759241113235	-0.005211957876760177	-0.0035006479434774307	-0.0017573297708701708	-1.2177133410645746e-7	0.0017568434724665686	0.0035002869335904463	0.0052114689576613195	0.006863444048606701	0.00841757739537841	0.009821070619193233	0.011009660663463747	0.011914738758399572	0.012472376216483791	0.012636612311060736
-0.008386926093202365	-0.008281263216411112	-0.007919200440959546	-0.0073290422436728606	-0.006548979271545092	-0.0056236056257081635	-0.004592848738593224	-0.003492117840976616	-0.0023479615069755162	-0.0011793615928302435	-1.2272534491691162e-7	0.0011791553730057065	0.0023476662807107255	0.003491894898621983	0.0045926663071940614	0.0056229933497284924	0.006548842806125616	0.007328499752887313	0.007918753545193448	0.008280918907260328	0.008386351380332058
-0.004179677696580147	-0.004128061528838708	-0.003950285519626823	-0.0036588582991372047	-0.003273341191133733	-0.002813586645002011	-0.0023002239374682416	-0.001750454535715624	-0.0011777750734750761	-0.0005917835291106765	-1.2371597222756228e-7	0.0005916196567354974	0.001177542931507489	0.0017502711297750415	0.0023000375624919137	0.002813466509287474	0.0032730259175376784	0.0036588901220570447	0.003949815348455772	0.004127772591768097	0.004179550256523819
-4.812551953128621e-8	-2.1190455421451076e-7	-1.520455000508385e-7	9.689165122975926e-8	-1.0012819721893142e-7	-4.950257140629825e-8	2.5641927232643117e-9	-7.744153842639092e-8	-7.334324091638596e-8	-2.3609256862080764e-8	-5.5702395436887744e-8	-8.61027579031371e-8	-6.9627002132932e-8	-4.1921598096659384e-8	-9.600376543345729e-9	-1.3406659098519077e-7	6.786801978719568e-8	-1.419837894997443e-7	-8.618551072668146e-8	-6.200398519456786e-8	-2.2314984339912023e-7
0.004179810346104575	0.004128005137542765	0.003950236458547918	0.003658828570512178	0.0032732732489391698	0.002813694297641603	0.002300140122413875	0.001750437251004733	0.0011775825350189804	0.0005917304798689379	-1.2788544223162751e-8	-0.0005917150077591744	-0.0011776711545949592	-0.0017503813259058198	-0.0023002810832879993	-0.0028135654600924083	-0.0032731792204100333	-0.0036590697428251573	-0.003950298858088889	-0.004128192970359349	-0.004179987933876417
0.008386683341257046	0.008281152576609108	0.007919200093787177	0.007328565696403856	0.006549127859479437	0.005623277031082098	0.004592957132376559	0.0034921575701884664	0.002347858981279532	0.0011792710834534889	5.375585336239719e-8	-0.0011792607660481586	-0.0023477642680180284	-0.003492092999074485	-0.00459267981278633	-0.005623313373318905	-0.00654886401192589	-0.007328774795408607	-0.007918974832467007	-0.008280973089941822	-0.008386453168836195
0.012636818624279528	0.012473132912446335	0.011915190752975001	0.011010103213214198	0.009821484224375133	0.008417904137011616	0.00686390297338781	0.005211761949830226	0.003500487208864	0.0017572386439236995	8.187678048922342e-8	-0.001757014696842884	-0.0035003831050727163	-0.005211650987954225	-0.006863589155280186	-0.00841750142623608	-0.009821156857038375	-0.011009811722832252	-0.011915080231731	-0.01247280135079459	-0.012636643928477655
0.016923407088015333	0.016694193614332505	0.015923689214651565	0.014682849415391538	0.013064347622071378	0.011169689980370424	0.00908716732334589	0.006887144702356445	0.004619370369831673	0.002316978856698954	2.909481508321654e-8	-0.002316682494298325	-0.004619104265167633	-0.006886663203529088	-0.009086804289537665	-0.01116947761171862	-0.013064130909511786	-0.014682163647890184	-0.015923406788679463	-0.01669366335700273	-0.01692292317781109
0.02119744260331826	0.020895113140586397	0.01989252218903751	0.01829123880382059	0.016224314581304213	0.013828422429575484	0.011219422846338915	0.008484038128099778	0.005681183629581275	0.002846868382119047	2.594120643226172e-7	-0.0028463911173546973	-0.005681045332739484	-0.008483588935701093	-0.01121913547876235	-0.013828239615738513	-0.01622382876248328	-0.018290891969778345	-0.0198925024285087	-0.020894836493808133	-0.021196888324659147
0.025350689830330612	0.024967735096183823	0.023714465461433923	0.021734262596762498	0.019209036406753057	0.01631530181281668	0.013196778034931722	0.009955235534171296	0.006654945908629948	0.0033311259901618595	2.385778414965012e-7	-0.003330912856962886	-0.006654720610379947	-0.00995480306921554	-0.013196034036877545	-0.0163147986460201	-0.01920854600360719	-0.021733562588217226	-0.023714020135676656	-0.024966523079157518	-0.025349740052444624
0.029191530535065305	0.028723507922762345	0.027213917403956477	0.02485468247360552	0.02188412304322592	0.018522141036731693	0.01493680945530174	0.011241845057423747	0.007502511992149042	0.003751863871380703	2.4597858925418103e-7	-0.0037514833809021136	-0.007501950071639941	-0.011241345991942233	-0.014936345800287517	-0.018521318274019233	-0.02188317181349828	-0.02485409845046342	-0.027213383816461215	-0.0287229668792522	-0.029190629185396146
0.03243862734489135	0.03189147963368988	0.030144520432020802	0.027443783291520085	0.024083348084891883	0.02032125816505203	0.016347169462746274	0.012279527008724795	0.008184171187147487	0.004089337957158306	3.708315121468686e-7	-0.004088901027100817	-0.008183526407506194	-0.012278763040281925	-0.01634612454915623	-0.020320881205618285	-0.024082304426205098	-0.027442900426423503	-0.030143389821440922	-0.031890169813672785	-0.03243735045284729
0.034753048279227566	0.03414827131929663	0.03222512573273644	0.029275329019241014	0.025634078092968818	0.021588136192057697	0.017338766998233383	0.01300961482893312	0.00866452517553943	0.004327533175334651	4.0716022604858626e-7	-0.004326934518726917	-0.008663482143190775	-0.01300880739181698	-0.01733824154457199	-0.021586870987070718	-0.025632877226906464	-0.029274108060472002	-0.03222365342840737	-0.03414670104087052	-0.0347522216687359
0.035841116446545085	0.03521570754456194	0.033221428981713874	0.030166508642342445	0.0264028374462495	0.0222290717486614	0.017850189634983804	0.013391666111791756	0.008918749830828264	0.004454390985866422	4.292943325719112e-7	-0.004453629085317969	-0.008917817208792912	-0.01339101500056755	-0.017849364414491982	-0.022227702832407693	-0.02640212012280696	-0.03016499176296816	-0.03321993249587703	-0.0352141755603725	-0.03583948771753868